jurisdiction,week,first_dose_m,second_dose_m,all_doses_m,cumulative_doses_m,first_dose_p,second_dose_p,all_doses_p,cumulative_doses_p,first_dose_both,second_dose_both,all_doses_both,cumulative_doses_both
alabama,01/04/2021,29000,29000,58000,284800,29250,29250,58500,193050,58250,58250,116500,477850
alabama,01/11/2021,29100,29100,58200,343000,29250,29250,58500,251550,58350,58350,116700,594550
alabama,01/18/2021,30600,30600,61200,404200,30225,30225,60450,312000,60825,60825,121650,716200
alabama,01/25/2021,30600,30600,61200,465400,30225,30225,60450,372450,60825,60825,121650,837850
alabama,02/01/2021,40400,40400,80800,546200,30225,30225,60450,432900,70625,70625,141250,979100
alabama,02/08/2021,44100,44100,88200,634400,30225,30225,60450,493350,74325,74325,148650,1127750
alabama,02/15/2021,47700,47700,95400,729800,30225,30225,60450,553800,77925,77925,155850,1283600
alabama,02/22/2021,47700,47700,95400,825200,47970,47970,95940,649740,95670,95670,191340,1474940
alabama,03/01/2021,47700,47700,95400,920600,54990,54990,109980,759720,102690,102690,205380,1680320
alabama,03/08/2021,47700,47700,95400,1016000,60840,60840,121680,881400,108540,108540,217080,1897400
alabama,03/15/2021,47700,47700,95400,1111400,65520,65520,131040,1012440,113220,113220,226440,2123840
alabama,03/22/2021,47700,47700,95400,1206800,66690,66690,133380,1145820,114390,114390,228780,2352620
alabama,03/29/2021,47700,47700,95400,1302200,80730,80730,161460,1307280,128430,128430,256860,2609480
alabama,12/21/2020,84300,84300,168600,168600,29250,29250,58500,58500,113550,113550,227100,227100
alabama,12/28/2020,29100,29100,58200,226800,38025,38025,76050,134550,67125,67125,134250,361350
alaska,01/04/2021,25600,25600,51200,104800,27300,27300,54600,54600,52900,52900,105800,159400
alaska,01/11/2021,0,0,0,104800,0,0,0,54600,0,0,0,159400
alaska,01/18/2021,0,0,0,104800,0,0,0,54600,0,0,0,159400
alaska,01/25/2021,0,0,0,104800,0,0,0,54600,0,0,0,159400
alaska,02/01/2021,32300,32300,64600,169400,27300,27300,54600,109200,59600,59600,119200,278600
alaska,02/08/2021,0,0,0,169400,0,0,0,109200,0,0,0,278600
alaska,02/15/2021,0,0,0,169400,0,0,0,109200,0,0,0,278600
alaska,02/22/2021,0,0,0,169400,0,0,0,109200,0,0,0,278600
alaska,03/01/2021,49300,49300,98600,268000,53820,53820,107640,216840,103120,103120,206240,484840
alaska,03/08/2021,0,0,0,268000,0,0,0,216840,0,0,0,484840
alaska,03/15/2021,0,0,0,268000,0,0,0,216840,0,0,0,484840
alaska,03/22/2021,0,0,0,268000,0,0,0,216840,0,0,0,484840
alaska,03/29/2021,52500,52500,105000,373000,91260,79560,170820,387660,143760,132060,275820,760660
alaska,12/21/2020,26800,26800,53600,53600,0,0,0,0,26800,26800,53600,53600
alaska,12/28/2020,0,0,0,53600,0,0,0,0,0,0,0,53600
arizona,01/04/2021,41100,41100,82200,403600,41925,41925,83850,274950,83025,83025,166050,678550
arizona,01/11/2021,41300,41300,82600,486200,41925,41925,83850,358800,83225,83225,166450,845000
arizona,01/18/2021,43400,43400,86800,573000,42900,42900,85800,444600,86300,86300,172600,1017600
arizona,01/25/2021,43400,43400,86800,659800,42900,42900,85800,530400,86300,86300,172600,1190200
arizona,02/01/2021,57200,57200,114400,774200,42900,42900,85800,616200,100100,100100,200200,1390400
arizona,02/08/2021,62500,62500,125000,899200,42900,42900,85800,702000,105400,105400,210800,1601200
arizona,02/15/2021,67600,67600,135200,1034400,42900,42900,85800,787800,110500,110500,221000,1822200
arizona,02/22/2021,67600,67600,135200,1169600,69030,69030,138060,925860,136630,136630,273260,2095460
arizona,03/01/2021,67600,67600,135200,1304800,78390,78390,156780,1082640,145990,145990,291980,2387440
arizona,03/08/2021,67600,67600,135200,1440000,85410,85410,170820,1253460,153010,153010,306020,2693460
arizona,03/15/2021,67600,67600,135200,1575200,92430,92430,184860,1438320,160030,160030,320060,3013520
arizona,03/22/2021,67600,67600,135200,1710400,93600,93600,187200,1625520,161200,161200,322400,3335920
arizona,03/29/2021,67600,67600,135200,1845600,114660,114660,229320,1854840,182260,182260,364520,3700440
arizona,12/21/2020,119400,119400,238800,238800,41925,41925,83850,83850,161325,161325,322650,322650
arizona,12/28/2020,41300,41300,82600,321400,53625,53625,107250,191100,94925,94925,189850,512500
arkansas,01/04/2021,17600,17600,35200,172800,18525,18525,37050,120900,36125,36125,72250,293700
arkansas,01/11/2021,17700,17700,35400,208200,18525,18525,37050,157950,36225,36225,72450,366150
arkansas,01/18/2021,18600,18600,37200,245400,18525,18525,37050,195000,37125,37125,74250,440400
arkansas,01/25/2021,18600,18600,37200,282600,18525,18525,37050,232050,37125,37125,74250,514650
arkansas,02/01/2021,24500,24500,49000,331600,18525,18525,37050,269100,43025,43025,86050,600700
arkansas,02/08/2021,26800,26800,53600,385200,18525,18525,37050,306150,45325,45325,90650,691350
arkansas,02/15/2021,28900,28900,57800,443000,18525,18525,37050,343200,47425,47425,94850,786200
arkansas,02/22/2021,28900,28900,57800,500800,29250,29250,58500,401700,58150,58150,116300,902500
arkansas,03/01/2021,28900,28900,57800,558600,33930,33930,67860,469560,62830,62830,125660,1028160
arkansas,03/08/2021,28900,28900,57800,616400,37440,37440,74880,544440,66340,66340,132680,1160840
arkansas,03/15/2021,28900,28900,57800,674200,39780,39780,79560,624000,68680,68680,137360,1298200
arkansas,03/22/2021,28900,28900,57800,732000,39780,39780,79560,703560,68680,68680,137360,1435560
arkansas,03/29/2021,28900,28900,57800,789800,49140,49140,98280,801840,78040,78040,156080,1591640
arkansas,12/21/2020,51100,51100,102200,102200,18525,18525,37050,37050,69625,69625,139250,139250
arkansas,12/28/2020,17700,17700,35400,137600,23400,23400,46800,83850,41100,41100,82200,221450
california,01/04/2021,231400,231400,462800,2272600,232050,232050,464100,1524900,463450,463450,926900,3797500
california,01/11/2021,232300,232300,464600,2737200,233025,233025,466050,1990950,465325,465325,930650,4728150
california,01/18/2021,244000,244000,488000,3225200,241800,241800,483600,2474550,485800,485800,971600,5699750
california,01/25/2021,244000,244000,488000,3713200,241800,241800,483600,2958150,485800,485800,971600,6671350
california,02/01/2021,322000,322000,644000,4357200,240825,240825,481650,3439800,562825,562825,1125650,7797000
california,02/08/2021,351900,351900,703800,5061000,241800,241800,483600,3923400,593700,593700,1187400,8984400
california,02/15/2021,380300,380300,760600,5821600,241800,241800,483600,4407000,622100,622100,1244200,10228600
california,02/22/2021,380300,380300,760600,6582200,382590,382590,765180,5172180,762890,762890,1525780,11754380
california,03/01/2021,380300,380300,760600,7342800,438750,438750,877500,6049680,819050,819050,1638100,13392480
california,03/08/2021,380300,380300,760600,8103400,479700,479700,959400,7009080,860000,860000,1720000,15112480
california,03/15/2021,380300,380300,760600,8864000,515970,515970,1031940,8041020,896270,896270,1792540,16905020
california,03/22/2021,380300,380300,760600,9624600,524160,524160,1048320,9089340,904460,904460,1808920,18713940
california,03/29/2021,380300,380300,760600,10385200,644670,644670,1289340,10378680,1024970,1024970,2049940,20763880
california,12/21/2020,672600,672600,1345200,1345200,233025,233025,466050,466050,905625,905625,1811250,1811250
california,12/28/2020,232300,232300,464600,1809800,297375,297375,594750,1060800,529675,529675,1059350,2870600
colorado,01/04/2021,32900,32900,65800,323000,33150,33150,66300,218400,66050,66050,132100,541400
colorado,01/11/2021,33000,33000,66000,389000,33150,33150,66300,284700,66150,66150,132300,673700
colorado,01/18/2021,34700,34700,69400,458400,35100,35100,70200,354900,69800,69800,139600,813300
colorado,01/25/2021,34700,34700,69400,527800,35100,35100,70200,425100,69800,69800,139600,952900
colorado,02/01/2021,45800,45800,91600,619400,34125,34125,68250,493350,79925,79925,159850,1112750
colorado,02/08/2021,50000,50000,100000,719400,35100,35100,70200,563550,85100,85100,170200,1282950
colorado,02/15/2021,54100,54100,108200,827600,35100,35100,70200,633750,89200,89200,178400,1461350
colorado,02/22/2021,54100,54100,108200,935800,54990,54990,109980,743730,109090,109090,218180,1679530
colorado,03/01/2021,54100,54100,108200,1044000,63180,63180,126360,870090,117280,117280,234560,1914090
colorado,03/08/2021,54100,54100,108200,1152200,69030,69030,138060,1008150,123130,123130,246260,2160350
colorado,03/15/2021,54100,54100,108200,1260400,73710,73710,147420,1155570,127810,127810,255620,2415970
colorado,03/22/2021,54100,54100,108200,1368600,74880,74880,149760,1305330,128980,128980,257960,2673930
colorado,03/29/2021,54100,54100,108200,1476800,92430,92430,184860,1490190,146530,146530,293060,2966990
colorado,12/21/2020,95600,95600,191200,191200,33150,33150,66300,66300,128750,128750,257500,257500
colorado,12/28/2020,33000,33000,66000,257200,42900,42900,85800,152100,75900,75900,151800,409300
connecticut,01/04/2021,21800,21800,43600,214000,22425,22425,44850,146250,44225,44225,88450,360250
connecticut,01/11/2021,21900,21900,43800,257800,22425,22425,44850,191100,44325,44325,88650,448900
connecticut,01/18/2021,23000,23000,46000,303800,23400,23400,46800,237900,46400,46400,92800,541700
connecticut,01/25/2021,23000,23000,46000,349800,23400,23400,46800,284700,46400,46400,92800,634500
connecticut,02/01/2021,30300,30300,60600,410400,23400,23400,46800,331500,53700,53700,107400,741900
connecticut,02/08/2021,33100,33100,66200,476600,23400,23400,46800,378300,56500,56500,113000,854900
connecticut,02/15/2021,35800,35800,71600,548200,23400,23400,46800,425100,59200,59200,118400,973300
connecticut,02/22/2021,35800,35800,71600,619800,36270,36270,72540,497640,72070,72070,144140,1117440
connecticut,03/01/2021,35800,35800,71600,691400,42120,42120,84240,581880,77920,77920,155840,1273280
connecticut,03/08/2021,35800,35800,71600,763000,45630,45630,91260,673140,81430,81430,162860,1436140
connecticut,03/15/2021,35800,35800,71600,834600,49140,49140,98280,771420,84940,84940,169880,1606020
connecticut,03/22/2021,35800,35800,71600,906200,50310,50310,100620,872040,86110,86110,172220,1778240
connecticut,03/29/2021,35800,35800,71600,977800,60840,60840,121680,993720,96640,96640,193280,1971520
connecticut,12/21/2020,63300,63300,126600,126600,22425,22425,44850,44850,85725,85725,171450,171450
connecticut,12/28/2020,21900,21900,43800,170400,28275,28275,56550,101400,50175,50175,100350,271800
delaware,01/04/2021,5800,5800,11600,56600,5850,5850,11700,39000,11650,11650,23300,95600
delaware,01/11/2021,5800,5800,11600,68200,5850,5850,11700,50700,11650,11650,23300,118900
delaware,01/18/2021,6100,6100,12200,80400,6825,6825,13650,64350,12925,12925,25850,144750
delaware,01/25/2021,6100,6100,12200,92600,6825,6825,13650,78000,12925,12925,25850,170600
delaware,02/01/2021,8000,8000,16000,108600,6825,6825,13650,91650,14825,14825,29650,200250
delaware,02/08/2021,8800,8800,17600,126200,6825,6825,13650,105300,15625,15625,31250,231500
delaware,02/15/2021,9500,9500,19000,145200,6825,6825,13650,118950,16325,16325,32650,264150
delaware,02/22/2021,9500,9500,19000,164200,10530,10530,21060,140010,20030,20030,40060,304210
delaware,03/01/2021,9500,9500,19000,183200,11700,11700,23400,163410,21200,21200,42400,346610
delaware,03/08/2021,9500,9500,19000,202200,12870,12870,25740,189150,22370,22370,44740,391350
delaware,03/15/2021,9500,9500,19000,221200,12870,12870,25740,214890,22370,22370,44740,436090
delaware,03/22/2021,9500,9500,19000,240200,14040,14040,28080,242970,23540,23540,47080,483170
delaware,03/29/2021,9500,9500,19000,259200,16380,16380,32760,275730,25880,25880,51760,534930
delaware,12/21/2020,16700,16700,33400,33400,5850,5850,11700,11700,22550,22550,45100,45100
delaware,12/28/2020,5800,5800,11600,45000,7800,7800,15600,27300,13600,13600,27200,72300
district of columbia,01/04/2021,4400,4400,8800,42800,4875,4875,9750,31200,9275,9275,18550,74000
district of columbia,01/11/2021,4400,4400,8800,51600,4875,4875,9750,40950,9275,9275,18550,92550
district of columbia,01/18/2021,4600,4600,9200,60800,4875,4875,9750,50700,9475,9475,18950,111500
district of columbia,01/25/2021,4600,4600,9200,70000,4875,4875,9750,60450,9475,9475,18950,130450
district of columbia,02/01/2021,6100,6100,12200,82200,4875,4875,9750,70200,10975,10975,21950,152400
district of columbia,02/08/2021,6600,6600,13200,95400,4875,4875,9750,79950,11475,11475,22950,175350
district of columbia,02/15/2021,7200,7200,14400,109800,4875,4875,9750,89700,12075,12075,24150,199500
district of columbia,02/22/2021,7200,7200,14400,124200,8190,8190,16380,106080,15390,15390,30780,230280
district of columbia,03/01/2021,7200,7200,14400,138600,9360,9360,18720,124800,16560,16560,33120,263400
district of columbia,03/08/2021,7200,7200,14400,153000,9360,9360,18720,143520,16560,16560,33120,296520
district of columbia,03/15/2021,7200,7200,14400,167400,10530,10530,21060,164580,17730,17730,35460,331980
district of columbia,03/22/2021,7200,7200,14400,181800,10530,10530,21060,185640,17730,17730,35460,367440
district of columbia,03/29/2021,7200,7200,14400,196200,12870,12870,25740,211380,20070,20070,40140,407580
district of columbia,12/21/2020,12600,12600,25200,25200,4875,4875,9750,9750,17475,17475,34950,34950
district of columbia,12/28/2020,4400,4400,8800,34000,5850,5850,11700,21450,10250,10250,20500,55450
florida,01/04/2021,126600,126600,253200,1243200,126750,126750,253500,834600,253350,253350,506700,2077800
florida,01/11/2021,127100,127100,254200,1497400,127725,127725,255450,1090050,254825,254825,509650,2587450
florida,01/18/2021,133500,133500,267000,1764400,132600,132600,265200,1355250,266100,266100,532200,3119650
florida,01/25/2021,133500,133500,267000,2031400,132600,132600,265200,1620450,266100,266100,532200,3651850
florida,02/01/2021,176100,176100,352200,2383600,131625,131625,263250,1883700,307725,307725,615450,4267300
florida,02/08/2021,192500,192500,385000,2768600,132600,132600,265200,2148900,325100,325100,650200,4917500
florida,02/15/2021,208000,208000,416000,3184600,132600,132600,265200,2414100,340600,340600,681200,5598700
florida,02/22/2021,208000,208000,416000,3600600,209430,209430,418860,2832960,417430,417430,834860,6433560
florida,03/01/2021,208000,208000,416000,4016600,239850,239850,479700,3312660,447850,447850,895700,7329260
florida,03/08/2021,208000,208000,416000,4432600,262080,262080,524160,3836820,470080,470080,940160,8269420
florida,03/15/2021,208000,208000,416000,4848600,281970,281970,563940,4400760,489970,489970,979940,9249360
florida,03/22/2021,208000,208000,416000,5264600,286650,286650,573300,4974060,494650,494650,989300,10238660
florida,03/29/2021,208000,208000,416000,5680600,352170,352170,704340,5678400,560170,560170,1120340,11359000
florida,12/21/2020,367900,367900,735800,735800,127725,127725,255450,255450,495625,495625,991250,991250
florida,12/28/2020,127100,127100,254200,990000,162825,162825,325650,581100,289925,289925,579850,1571100
georgia,01/04/2021,60000,60000,120000,589200,60450,60450,120900,395850,120450,120450,240900,985050
georgia,01/11/2021,60200,60200,120400,709600,60450,60450,120900,516750,120650,120650,241300,1226350
georgia,01/18/2021,63300,63300,126600,836200,63375,63375,126750,643500,126675,126675,253350,1479700
georgia,01/25/2021,63300,63300,126600,962800,63375,63375,126750,770250,126675,126675,253350,1733050
georgia,02/01/2021,83500,83500,167000,1129800,62400,62400,124800,895050,145900,145900,291800,2024850
georgia,02/08/2021,91300,91300,182600,1312400,63375,63375,126750,1021800,154675,154675,309350,2334200
georgia,02/15/2021,98600,98600,197200,1509600,63375,63375,126750,1148550,161975,161975,323950,2658150
georgia,02/22/2021,98600,98600,197200,1706800,99450,99450,198900,1347450,198050,198050,396100,3054250
georgia,03/01/2021,98600,98600,197200,1904000,114660,114660,229320,1576770,213260,213260,426520,3480770
georgia,03/08/2021,98600,98600,197200,2101200,125190,125190,250380,1827150,223790,223790,447580,3928350
georgia,03/15/2021,98600,98600,197200,2298400,134550,134550,269100,2096250,233150,233150,466300,4394650
georgia,03/22/2021,98600,98600,197200,2495600,136890,136890,273780,2370030,235490,235490,470980,4865630
georgia,03/29/2021,98600,98600,197200,2692800,167310,167310,334620,2704650,265910,265910,531820,5397450
georgia,12/21/2020,174400,174400,348800,348800,60450,60450,120900,120900,234850,234850,469700,469700
georgia,12/28/2020,60200,60200,120400,469200,77025,77025,154050,274950,137225,137225,274450,744150
hawaii,01/04/2021,8600,8600,17200,84600,8775,8775,17550,58500,17375,17375,34750,143100
hawaii,01/11/2021,8700,8700,17400,102000,8775,8775,17550,76050,17475,17475,34950,178050
hawaii,01/18/2021,9100,9100,18200,120200,9750,9750,19500,95550,18850,18850,37700,215750
hawaii,01/25/2021,9100,9100,18200,138400,9750,9750,19500,115050,18850,18850,37700,253450
hawaii,02/01/2021,12000,12000,24000,162400,9750,9750,19500,134550,21750,21750,43500,296950
hawaii,02/08/2021,13100,13100,26200,188600,9750,9750,19500,154050,22850,22850,45700,342650
hawaii,02/15/2021,14200,14200,28400,217000,9750,9750,19500,173550,23950,23950,47900,390550
hawaii,02/22/2021,14200,14200,28400,245400,15210,15210,30420,203970,29410,29410,58820,449370
hawaii,03/01/2021,14200,14200,28400,273800,16380,16380,32760,236730,30580,30580,61160,510530
hawaii,03/08/2021,14200,14200,28400,302200,18720,18720,37440,274170,32920,32920,65840,576370
hawaii,03/15/2021,14200,14200,28400,330600,19890,19890,39780,313950,34090,34090,68180,644550
hawaii,03/22/2021,14200,14200,28400,359000,19890,19890,39780,353730,34090,34090,68180,712730
hawaii,03/29/2021,14200,14200,28400,387400,24570,24570,49140,402870,38770,38770,77540,790270
hawaii,12/21/2020,25000,25000,50000,50000,8775,8775,17550,17550,33775,33775,67550,67550
hawaii,12/28/2020,8700,8700,17400,67400,11700,11700,23400,40950,20400,20400,40800,108350
idaho,01/04/2021,9700,9700,19400,94800,9750,9750,19500,64350,19450,19450,38900,159150
idaho,01/11/2021,9700,9700,19400,114200,9750,9750,19500,83850,19450,19450,38900,198050
idaho,01/18/2021,10200,10200,20400,134600,10725,10725,21450,105300,20925,20925,41850,239900
idaho,01/25/2021,10200,10200,20400,155000,10725,10725,21450,126750,20925,20925,41850,281750
idaho,02/01/2021,13400,13400,26800,181800,10725,10725,21450,148200,24125,24125,48250,330000
idaho,02/08/2021,14700,14700,29400,211200,10725,10725,21450,169650,25425,25425,50850,380850
idaho,02/15/2021,15800,15800,31600,242800,10725,10725,21450,191100,26525,26525,53050,433900
idaho,02/22/2021,15800,15800,31600,274400,16380,16380,32760,223860,32180,32180,64360,498260
idaho,03/01/2021,15800,15800,31600,306000,18720,18720,37440,261300,34520,34520,69040,567300
idaho,03/08/2021,15800,15800,31600,337600,19890,19890,39780,301080,35690,35690,71380,638680
idaho,03/15/2021,15800,15800,31600,369200,22230,22230,44460,345540,38030,38030,76060,714740
idaho,03/22/2021,15800,15800,31600,400800,22230,22230,44460,390000,38030,38030,76060,790800
idaho,03/29/2021,15800,15800,31600,432400,26910,26910,53820,443820,42710,42710,85420,876220
idaho,12/21/2020,28000,28000,56000,56000,9750,9750,19500,19500,37750,37750,75500,75500
idaho,12/28/2020,9700,9700,19400,75400,12675,12675,25350,44850,22375,22375,44750,120250
illinois,01/04/2021,60100,60100,120200,590000,60450,60450,120900,397800,120550,120550,241100,987800
illinois,01/11/2021,60300,60300,120600,710600,60450,60450,120900,518700,120750,120750,241500,1229300
illinois,01/18/2021,63300,63300,126600,837200,63375,63375,126750,645450,126675,126675,253350,1482650
illinois,01/25/2021,63300,63300,126600,963800,63375,63375,126750,772200,126675,126675,253350,1736000
illinois,02/01/2021,83600,83600,167200,1131000,62400,62400,124800,897000,146000,146000,292000,2028000
illinois,02/08/2021,91300,91300,182600,1313600,63375,63375,126750,1023750,154675,154675,309350,2337350
illinois,02/15/2021,98700,98700,197400,1511000,63375,63375,126750,1150500,162075,162075,324150,2661500
illinois,02/22/2021,98700,98700,197400,1708400,99450,99450,198900,1349400,198150,198150,396300,3057800
illinois,03/01/2021,98700,98700,197400,1905800,114660,114660,229320,1578720,213360,213360,426720,3484520
illinois,03/08/2021,98700,98700,197400,2103200,125190,125190,250380,1829100,223890,223890,447780,3932300
illinois,03/15/2021,98700,98700,197400,2300600,134550,134550,269100,2098200,233250,233250,466500,4398800
illinois,03/22/2021,98700,98700,197400,2498000,136890,136890,273780,2371980,235590,235590,471180,4869980
illinois,03/29/2021,98700,98700,197400,2695400,167310,167310,334620,2706600,266010,266010,532020,5402000
illinois,12/21/2020,174600,174600,349200,349200,60450,60450,120900,120900,235050,235050,470100,470100
illinois,12/28/2020,60300,60300,120600,469800,78000,78000,156000,276900,138300,138300,276600,746700
indiana,01/04/2021,39000,39000,78000,383000,39000,39000,78000,259350,78000,78000,156000,642350
indiana,01/11/2021,39200,39200,78400,461400,39975,39975,79950,339300,79175,79175,158350,800700
indiana,01/18/2021,41100,41100,82200,543600,40950,40950,81900,421200,82050,82050,164100,964800
indiana,01/25/2021,41100,41100,82200,625800,40950,40950,81900,503100,82050,82050,164100,1128900
indiana,02/01/2021,54300,54300,108600,734400,40950,40950,81900,585000,95250,95250,190500,1319400
indiana,02/08/2021,59300,59300,118600,853000,40950,40950,81900,666900,100250,100250,200500,1519900
indiana,02/15/2021,64100,64100,128200,981200,40950,40950,81900,748800,105050,105050,210100,1730000
indiana,02/22/2021,64100,64100,128200,1109400,64350,64350,128700,877500,128450,128450,256900,1986900
indiana,03/01/2021,64100,64100,128200,1237600,74880,74880,149760,1027260,138980,138980,277960,2264860
indiana,03/08/2021,64100,64100,128200,1365800,80730,80730,161460,1188720,144830,144830,289660,2554520
indiana,03/15/2021,64100,64100,128200,1494000,87750,87750,175500,1364220,151850,151850,303700,2858220
indiana,03/22/2021,64100,64100,128200,1622200,88920,88920,177840,1542060,153020,153020,306040,3164260
indiana,03/29/2021,64100,64100,128200,1750400,108810,108810,217620,1759680,172910,172910,345820,3510080
indiana,12/21/2020,113300,113300,226600,226600,39975,39975,79950,79950,153275,153275,306550,306550
indiana,12/28/2020,39200,39200,78400,305000,50700,50700,101400,181350,89900,89900,179800,486350
iowa,01/04/2021,18500,18500,37000,181800,18525,18525,37050,124800,37025,37025,74050,306600
iowa,01/11/2021,18600,18600,37200,219000,19500,19500,39000,163800,38100,38100,76200,382800
iowa,01/18/2021,19500,19500,39000,258000,19500,19500,39000,202800,39000,39000,78000,460800
iowa,01/25/2021,19500,19500,39000,297000,19500,19500,39000,241800,39000,39000,78000,538800
iowa,02/01/2021,25800,25800,51600,348600,19500,19500,39000,280800,45300,45300,90600,629400
iowa,02/08/2021,28200,28200,56400,405000,19500,19500,39000,319800,47700,47700,95400,724800
iowa,02/15/2021,30400,30400,60800,465800,19500,19500,39000,358800,49900,49900,99800,824600
iowa,02/22/2021,30400,30400,60800,526600,31590,31590,63180,421980,61990,61990,123980,948580
iowa,03/01/2021,30400,30400,60800,587400,35100,35100,70200,492180,65500,65500,131000,1079580
iowa,03/08/2021,30400,30400,60800,648200,38610,38610,77220,569400,69010,69010,138020,1217600
iowa,03/15/2021,30400,30400,60800,709000,42120,42120,84240,653640,72520,72520,145040,1362640
iowa,03/22/2021,30400,30400,60800,769800,42120,42120,84240,737880,72520,72520,145040,1507680
iowa,03/29/2021,30400,30400,60800,830600,51480,51480,102960,840840,81880,81880,163760,1671440
iowa,12/21/2020,53800,53800,107600,107600,19500,19500,39000,39000,73300,73300,146600,146600
iowa,12/28/2020,18600,18600,37200,144800,24375,24375,48750,87750,42975,42975,85950,232550
kansas,01/04/2021,16900,16900,33800,166000,17550,17550,35100,115050,34450,34450,68900,281050
kansas,01/11/2021,17000,17000,34000,200000,17550,17550,35100,150150,34550,34550,69100,350150
kansas,01/18/2021,17800,17800,35600,235600,18525,18525,37050,187200,36325,36325,72650,422800
kansas,01/25/2021,17800,17800,35600,271200,18525,18525,37050,224250,36325,36325,72650,495450
kansas,02/01/2021,23500,23500,47000,318200,17550,17550,35100,259350,41050,41050,82100,577550
kansas,02/08/2021,25700,25700,51400,369600,18525,18525,37050,296400,44225,44225,88450,666000
kansas,02/15/2021,27800,27800,55600,425200,18525,18525,37050,333450,46325,46325,92650,758650
kansas,02/22/2021,27800,27800,55600,480800,28080,28080,56160,389610,55880,55880,111760,870410
kansas,03/01/2021,27800,27800,55600,536400,32760,32760,65520,455130,60560,60560,121120,991530
kansas,03/08/2021,27800,27800,55600,592000,35100,35100,70200,525330,62900,62900,125800,1117330
kansas,03/15/2021,27800,27800,55600,647600,38610,38610,77220,602550,66410,66410,132820,1250150
kansas,03/22/2021,27800,27800,55600,703200,38610,38610,77220,679770,66410,66410,132820,1382970
kansas,03/29/2021,27800,27800,55600,758800,47970,47970,95940,775710,75770,75770,151540,1534510
kansas,12/21/2020,49100,49100,98200,98200,17550,17550,35100,35100,66650,66650,133300,133300
kansas,12/28/2020,17000,17000,34000,132200,22425,22425,44850,79950,39425,39425,78850,212150
kentucky,01/04/2021,26400,26400,52800,259200,27300,27300,54600,177450,53700,53700,107400,436650
kentucky,01/11/2021,26500,26500,53000,312200,27300,27300,54600,232050,53800,53800,107600,544250
kentucky,01/18/2021,27900,27900,55800,368000,28275,28275,56550,288600,56175,56175,112350,656600
kentucky,01/25/2021,27900,27900,55800,423800,28275,28275,56550,345150,56175,56175,112350,768950
kentucky,02/01/2021,36700,36700,73400,497200,28275,28275,56550,401700,64975,64975,129950,898900
kentucky,02/08/2021,40200,40200,80400,577600,28275,28275,56550,458250,68475,68475,136950,1035850
kentucky,02/15/2021,43400,43400,86800,664400,28275,28275,56550,514800,71675,71675,143350,1179200
kentucky,02/22/2021,43400,43400,86800,751200,44460,44460,88920,603720,87860,87860,175720,1354920
kentucky,03/01/2021,43400,43400,86800,838000,50310,50310,100620,704340,93710,93710,187420,1542340
kentucky,03/08/2021,43400,43400,86800,924800,54990,54990,109980,814320,98390,98390,196780,1739120
kentucky,03/15/2021,43400,43400,86800,1011600,59670,59670,119340,933660,103070,103070,206140,1945260
kentucky,03/22/2021,43400,43400,86800,1098400,60840,60840,121680,1055340,104240,104240,208480,2153740
kentucky,03/29/2021,43400,43400,86800,1185200,73710,73710,147420,1202760,117110,117110,234220,2387960
kentucky,12/21/2020,76700,76700,153400,153400,27300,27300,54600,54600,104000,104000,208000,208000
kentucky,12/28/2020,26500,26500,53000,206400,34125,34125,68250,122850,60625,60625,121250,329250
louisiana,01/04/2021,27400,27400,54800,268800,28275,28275,56550,185250,55675,55675,111350,454050
louisiana,01/11/2021,27500,27500,55000,323800,28275,28275,56550,241800,55775,55775,111550,565600
louisiana,01/18/2021,28900,28900,57800,381600,29250,29250,58500,300300,58150,58150,116300,681900
louisiana,01/25/2021,28900,28900,57800,439400,29250,29250,58500,358800,58150,58150,116300,798200
louisiana,02/01/2021,38100,38100,76200,515600,29250,29250,58500,417300,67350,67350,134700,932900
louisiana,02/08/2021,41600,41600,83200,598800,29250,29250,58500,475800,70850,70850,141700,1074600
louisiana,02/15/2021,45000,45000,90000,688800,29250,29250,58500,534300,74250,74250,148500,1223100
louisiana,02/22/2021,45000,45000,90000,778800,45630,45630,91260,625560,90630,90630,181260,1404360
louisiana,03/01/2021,45000,45000,90000,868800,52650,52650,105300,730860,97650,97650,195300,1599660
louisiana,03/08/2021,45000,45000,90000,958800,57330,57330,114660,845520,102330,102330,204660,1804320
louisiana,03/15/2021,45000,45000,90000,1048800,62010,62010,124020,969540,107010,107010,214020,2018340
louisiana,03/22/2021,45000,45000,90000,1138800,62010,62010,124020,1093560,107010,107010,214020,2232360
louisiana,03/29/2021,45000,45000,90000,1228800,77220,77220,154440,1248000,122220,122220,244440,2476800
louisiana,12/21/2020,79500,79500,159000,159000,28275,28275,56550,56550,107775,107775,215550,215550
louisiana,12/28/2020,27500,27500,55000,214000,36075,36075,72150,128700,63575,63575,127150,342700
maine,01/04/2021,8300,8300,16600,81800,8775,8775,17550,56550,17075,17075,34150,138350
maine,01/11/2021,8400,8400,16800,98600,8775,8775,17550,74100,17175,17175,34350,172700
maine,01/18/2021,8800,8800,17600,116200,8775,8775,17550,91650,17575,17575,35150,207850
maine,01/25/2021,8800,8800,17600,133800,8775,8775,17550,109200,17575,17575,35150,243000
maine,02/01/2021,11600,11600,23200,157000,8775,8775,17550,126750,20375,20375,40750,283750
maine,02/08/2021,12700,12700,25400,182400,8775,8775,17550,144300,21475,21475,42950,326700
maine,02/15/2021,13700,13700,27400,209800,8775,8775,17550,161850,22475,22475,44950,371650
maine,02/22/2021,13700,13700,27400,237200,14040,14040,28080,189930,27740,27740,55480,427130
maine,03/01/2021,13700,13700,27400,264600,16380,16380,32760,222690,30080,30080,60160,487290
maine,03/08/2021,13700,13700,27400,292000,17550,17550,35100,257790,31250,31250,62500,549790
maine,03/15/2021,13700,13700,27400,319400,18720,18720,37440,295230,32420,32420,64840,614630
maine,03/22/2021,13700,13700,27400,346800,19890,19890,39780,335010,33590,33590,67180,681810
maine,03/29/2021,13700,13700,27400,374200,23400,23400,46800,381810,37100,37100,74200,756010
maine,12/21/2020,24200,24200,48400,48400,8775,8775,17550,17550,32975,32975,65950,65950
maine,12/28/2020,8400,8400,16800,65200,10725,10725,21450,39000,19125,19125,38250,104200
maryland,01/04/2021,35900,35900,71800,352400,36075,36075,72150,237900,71975,71975,143950,590300
maryland,01/11/2021,36000,36000,72000,424400,36075,36075,72150,310050,72075,72075,144150,734450
maryland,01/18/2021,37800,37800,75600,500000,38025,38025,76050,386100,75825,75825,151650,886100
maryland,01/25/2021,37800,37800,75600,575600,38025,38025,76050,462150,75825,75825,151650,1037750
maryland,02/01/2021,49900,49900,99800,675400,38025,38025,76050,538200,87925,87925,175850,1213600
maryland,02/08/2021,54600,54600,109200,784600,38025,38025,76050,614250,92625,92625,185250,1398850
maryland,02/15/2021,59000,59000,118000,902600,38025,38025,76050,690300,97025,97025,194050,1592900
maryland,02/22/2021,59000,59000,118000,1020600,59670,59670,119340,809640,118670,118670,237340,1830240
maryland,03/01/2021,59000,59000,118000,1138600,69030,69030,138060,947700,128030,128030,256060,2086300
maryland,03/08/2021,59000,59000,118000,1256600,74880,74880,149760,1097460,133880,133880,267760,2354060
maryland,03/15/2021,59000,59000,118000,1374600,80730,80730,161460,1258920,139730,139730,279460,2633520
maryland,03/22/2021,59000,59000,118000,1492600,81900,81900,163800,1422720,140900,140900,281800,2915320
maryland,03/29/2021,59000,59000,118000,1610600,100620,100620,201240,1623960,159620,159620,319240,3234560
maryland,12/21/2020,104300,104300,208600,208600,36075,36075,72150,72150,140375,140375,280750,280750
maryland,12/28/2020,36000,36000,72000,280600,46800,46800,93600,165750,82800,82800,165600,446350
massachusetts,01/04/2021,42000,42000,84000,412000,42900,42900,85800,280800,84900,84900,169800,692800
massachusetts,01/11/2021,42100,42100,84200,496200,42900,42900,85800,366600,85000,85000,170000,862800
massachusetts,01/18/2021,44300,44300,88600,584800,43875,43875,87750,454350,88175,88175,176350,1039150
massachusetts,01/25/2021,44300,44300,88600,673400,43875,43875,87750,542100,88175,88175,176350,1215500
massachusetts,02/01/2021,58400,58400,116800,790200,43875,43875,87750,629850,102275,102275,204550,1420050
massachusetts,02/08/2021,63800,63800,127600,917800,43875,43875,87750,717600,107675,107675,215350,1635400
massachusetts,02/15/2021,69000,69000,138000,1055800,43875,43875,87750,805350,112875,112875,225750,1861150
massachusetts,02/22/2021,69000,69000,138000,1193800,70200,70200,140400,945750,139200,139200,278400,2139550
massachusetts,03/01/2021,69000,69000,138000,1331800,79560,79560,159120,1104870,148560,148560,297120,2436670
massachusetts,03/08/2021,69000,69000,138000,1469800,87750,87750,175500,1280370,156750,156750,313500,2750170
massachusetts,03/15/2021,69000,69000,138000,1607800,93600,93600,187200,1467570,162600,162600,325200,3075370
massachusetts,03/22/2021,69000,69000,138000,1745800,95940,95940,191880,1659450,164940,164940,329880,3405250
massachusetts,03/29/2021,69000,69000,138000,1883800,117000,117000,234000,1893450,186000,186000,372000,3777250
massachusetts,12/21/2020,121900,121900,243800,243800,42900,42900,85800,85800,164800,164800,329600,329600
massachusetts,12/28/2020,42100,42100,84200,328000,54600,54600,109200,195000,96700,96700,193400,523000
michigan,01/04/2021,59800,59800,119600,586800,60450,60450,120900,395850,120250,120250,240500,982650
michigan,01/11/2021,60000,60000,120000,706800,60450,60450,120900,516750,120450,120450,240900,1223550
michigan,01/18/2021,63000,63000,126000,832800,62400,62400,124800,641550,125400,125400,250800,1474350
michigan,01/25/2021,63000,63000,126000,958800,62400,62400,124800,766350,125400,125400,250800,1725150
michigan,02/01/2021,83100,83100,166200,1125000,62400,62400,124800,891150,145500,145500,291000,2016150
michigan,02/08/2021,90900,90900,181800,1306800,62400,62400,124800,1015950,153300,153300,306600,2322750
michigan,02/15/2021,98200,98200,196400,1503200,62400,62400,124800,1140750,160600,160600,321200,2643950
michigan,02/22/2021,98200,98200,196400,1699600,99450,99450,198900,1339650,197650,197650,395300,3039250
michigan,03/01/2021,98200,98200,196400,1896000,113490,113490,226980,1566630,211690,211690,423380,3462630
michigan,03/08/2021,98200,98200,196400,2092400,124020,124020,248040,1814670,222220,222220,444440,3907070
michigan,03/15/2021,98200,98200,196400,2288800,133380,133380,266760,2081430,231580,231580,463160,4370230
michigan,03/22/2021,98200,98200,196400,2485200,135720,135720,271440,2352870,233920,233920,467840,4838070
michigan,03/29/2021,98200,98200,196400,2681600,166140,166140,332280,2685150,264340,264340,528680,5366750
michigan,12/21/2020,173600,173600,347200,347200,60450,60450,120900,120900,234050,234050,468100,468100
michigan,12/28/2020,60000,60000,120000,467200,77025,77025,154050,274950,137025,137025,274050,742150
minnesota,01/04/2021,32700,32700,65400,321000,33150,33150,66300,218400,65850,65850,131700,539400
minnesota,01/11/2021,32900,32900,65800,386800,33150,33150,66300,284700,66050,66050,132100,671500
minnesota,01/18/2021,34500,34500,69000,455800,34125,34125,68250,352950,68625,68625,137250,808750
minnesota,01/25/2021,34500,34500,69000,524800,34125,34125,68250,421200,68625,68625,137250,946000
minnesota,02/01/2021,45500,45500,91000,615800,34125,34125,68250,489450,79625,79625,159250,1105250
minnesota,02/08/2021,49700,49700,99400,715200,34125,34125,68250,557700,83825,83825,167650,1272900
minnesota,02/15/2021,53800,53800,107600,822800,34125,34125,68250,625950,87925,87925,175850,1448750
minnesota,02/22/2021,53800,53800,107600,930400,54990,54990,109980,735930,108790,108790,217580,1666330
minnesota,03/01/2021,53800,53800,107600,1038000,62010,62010,124020,859950,115810,115810,231620,1897950
minnesota,03/08/2021,53800,53800,107600,1145600,67860,67860,135720,995670,121660,121660,243320,2141270
minnesota,03/15/2021,53800,53800,107600,1253200,73710,73710,147420,1143090,127510,127510,255020,2396290
minnesota,03/22/2021,53800,53800,107600,1360800,74880,74880,149760,1292850,128680,128680,257360,2653650
minnesota,03/29/2021,53800,53800,107600,1468400,91260,91260,182520,1475370,145060,145060,290120,2943770
minnesota,12/21/2020,94900,94900,189800,189800,33150,33150,66300,66300,128050,128050,256100,256100
minnesota,12/28/2020,32900,32900,65800,255600,42900,42900,85800,152100,75800,75800,151600,407700
mississippi,01/04/2021,17500,17500,35000,171800,17550,17550,35100,115050,35050,35050,70100,286850
mississippi,01/11/2021,17600,17600,35200,207000,17550,17550,35100,150150,35150,35150,70300,357150
mississippi,01/18/2021,18500,18500,37000,244000,18525,18525,37050,187200,37025,37025,74050,431200
mississippi,01/25/2021,18500,18500,37000,281000,18525,18525,37050,224250,37025,37025,74050,505250
mississippi,02/01/2021,24300,24300,48600,329600,18525,18525,37050,261300,42825,42825,85650,590900
mississippi,02/08/2021,26600,26600,53200,382800,18525,18525,37050,298350,45125,45125,90250,681150
mississippi,02/15/2021,28700,28700,57400,440200,18525,18525,37050,335400,47225,47225,94450,775600
mississippi,02/22/2021,28700,28700,57400,497600,29250,29250,58500,393900,57950,57950,115900,891500
mississippi,03/01/2021,28700,28700,57400,555000,33930,33930,67860,461760,62630,62630,125260,1016760
mississippi,03/08/2021,28700,28700,57400,612400,36270,36270,72540,534300,64970,64970,129940,1146700
mississippi,03/15/2021,28700,28700,57400,669800,39780,39780,79560,613860,68480,68480,136960,1283660
mississippi,03/22/2021,28700,28700,57400,727200,39780,39780,79560,693420,68480,68480,136960,1420620
mississippi,03/29/2021,28700,28700,57400,784600,49140,49140,98280,791700,77840,77840,155680,1576300
mississippi,12/21/2020,50800,50800,101600,101600,17550,17550,35100,35100,68350,68350,136700,136700
mississippi,12/28/2020,17600,17600,35200,136800,22425,22425,44850,79950,40025,40025,80050,216750
missouri,01/04/2021,36200,36200,72400,355800,37050,37050,74100,241800,73250,73250,146500,597600
missouri,01/11/2021,36400,36400,72800,428600,37050,37050,74100,315900,73450,73450,146900,744500
missouri,01/18/2021,38200,38200,76400,505000,38025,38025,76050,391950,76225,76225,152450,896950
missouri,01/25/2021,38200,38200,76400,581400,38025,38025,76050,468000,76225,76225,152450,1049400
missouri,02/01/2021,50400,50400,100800,682200,38025,38025,76050,544050,88425,88425,176850,1226250
missouri,02/08/2021,55100,55100,110200,792400,38025,38025,76050,620100,93125,93125,186250,1412500
missouri,02/15/2021,59500,59500,119000,911400,38025,38025,76050,696150,97525,97525,195050,1607550
missouri,02/22/2021,59500,59500,119000,1030400,60840,60840,121680,817830,120340,120340,240680,1848230
missouri,03/01/2021,59500,59500,119000,1149400,69030,69030,138060,955890,128530,128530,257060,2105290
missouri,03/08/2021,59500,59500,119000,1268400,76050,76050,152100,1107990,135550,135550,271100,2376390
missouri,03/15/2021,59500,59500,119000,1387400,80730,80730,161460,1269450,140230,140230,280460,2656850
missouri,03/22/2021,59500,59500,119000,1506400,83070,83070,166140,1435590,142570,142570,285140,2941990
missouri,03/29/2021,59500,59500,119000,1625400,101790,101790,203580,1639170,161290,161290,322580,3264570
missouri,12/21/2020,105300,105300,210600,210600,37050,37050,74100,74100,142350,142350,284700,284700
missouri,12/28/2020,36400,36400,72800,283400,46800,46800,93600,167700,83200,83200,166400,451100
montana,01/04/2021,6300,6300,12600,62000,6825,6825,13650,44850,13125,13125,26250,106850
montana,01/11/2021,6400,6400,12800,74800,6825,6825,13650,58500,13225,13225,26450,133300
montana,01/18/2021,6700,6700,13400,88200,6825,6825,13650,72150,13525,13525,27050,160350
montana,01/25/2021,6700,6700,13400,101600,6825,6825,13650,85800,13525,13525,27050,187400
montana,02/01/2021,8800,8800,17600,119200,6825,6825,13650,99450,15625,15625,31250,218650
montana,02/08/2021,9600,9600,19200,138400,6825,6825,13650,113100,16425,16425,32850,251500
montana,02/15/2021,10400,10400,20800,159200,6825,6825,13650,126750,17225,17225,34450,285950
montana,02/22/2021,10400,10400,20800,180000,10530,10530,21060,147810,20930,20930,41860,327810
montana,03/01/2021,10400,10400,20800,200800,12870,12870,25740,173550,23270,23270,46540,374350
montana,03/08/2021,10400,10400,20800,221600,14040,14040,28080,201630,24440,24440,48880,423230
montana,03/15/2021,10400,10400,20800,242400,14040,14040,28080,229710,24440,24440,48880,472110
montana,03/22/2021,10400,10400,20800,263200,15210,15210,30420,260130,25610,25610,51220,523330
montana,03/29/2021,10400,10400,20800,284000,17550,17550,35100,295230,27950,27950,55900,579230
montana,12/21/2020,18300,18300,36600,36600,6825,6825,13650,13650,25125,25125,50250,50250
montana,12/28/2020,6400,6400,12800,49400,8775,8775,17550,31200,15175,15175,30350,80600
nebraska,01/04/2021,11200,11200,22400,109600,11700,11700,23400,76050,22900,22900,45800,185650
nebraska,01/11/2021,11200,11200,22400,132000,11700,11700,23400,99450,22900,22900,45800,231450
nebraska,01/18/2021,11800,11800,23600,155600,11700,11700,23400,122850,23500,23500,47000,278450
nebraska,01/25/2021,11800,11800,23600,179200,11700,11700,23400,146250,23500,23500,47000,325450
nebraska,02/01/2021,15500,15500,31000,210200,11700,11700,23400,169650,27200,27200,54400,379850
nebraska,02/08/2021,17000,17000,34000,244200,11700,11700,23400,193050,28700,28700,57400,437250
nebraska,02/15/2021,18400,18400,36800,281000,11700,11700,23400,216450,30100,30100,60200,497450
nebraska,02/22/2021,18400,18400,36800,317800,18720,18720,37440,253890,37120,37120,74240,571690
nebraska,03/01/2021,18400,18400,36800,354600,22230,22230,44460,298350,40630,40630,81260,652950
nebraska,03/08/2021,18400,18400,36800,391400,23400,23400,46800,345150,41800,41800,83600,736550
nebraska,03/15/2021,18400,18400,36800,428200,25740,25740,51480,396630,44140,44140,88280,824830
nebraska,03/22/2021,18400,18400,36800,465000,25740,25740,51480,448110,44140,44140,88280,913110
nebraska,03/29/2021,18400,18400,36800,501800,31590,31590,63180,511290,49990,49990,99980,1013090
nebraska,12/21/2020,32400,32400,64800,64800,11700,11700,23400,23400,44100,44100,88200,88200
nebraska,12/28/2020,11200,11200,22400,87200,14625,14625,29250,52650,25825,25825,51650,139850
nevada,01/04/2021,17300,17300,34600,170000,17550,17550,35100,115050,34850,34850,69700,285050
nevada,01/11/2021,17400,17400,34800,204800,17550,17550,35100,150150,34950,34950,69900,354950
nevada,01/18/2021,18300,18300,36600,241400,18525,18525,37050,187200,36825,36825,73650,428600
nevada,01/25/2021,18300,18300,36600,278000,18525,18525,37050,224250,36825,36825,73650,502250
nevada,02/01/2021,24100,24100,48200,326200,18525,18525,37050,261300,42625,42625,85250,587500
nevada,02/08/2021,26400,26400,52800,379000,18525,18525,37050,298350,44925,44925,89850,677350
nevada,02/15/2021,28500,28500,57000,436000,18525,18525,37050,335400,47025,47025,94050,771400
nevada,02/22/2021,28500,28500,57000,493000,29250,29250,58500,393900,57750,57750,115500,886900
nevada,03/01/2021,28500,28500,57000,550000,33930,33930,67860,461760,62430,62430,124860,1011760
nevada,03/08/2021,28500,28500,57000,607000,36270,36270,72540,534300,64770,64770,129540,1141300
nevada,03/15/2021,28500,28500,57000,664000,38610,38610,77220,611520,67110,67110,134220,1275520
nevada,03/22/2021,28500,28500,57000,721000,39780,39780,79560,691080,68280,68280,136560,1412080
nevada,03/29/2021,28500,28500,57000,778000,49140,49140,98280,789360,77640,77640,155280,1567360
nevada,12/21/2020,50300,50300,100600,100600,17550,17550,35100,35100,67850,67850,135700,135700
nevada,12/28/2020,17400,17400,34800,135400,22425,22425,44850,79950,39825,39825,79650,215350
new hampshire,01/04/2021,8400,8400,16800,82000,8775,8775,17550,56550,17175,17175,34350,138550
new hampshire,01/11/2021,8400,8400,16800,98800,8775,8775,17550,74100,17175,17175,34350,172900
new hampshire,01/18/2021,8800,8800,17600,116400,8775,8775,17550,91650,17575,17575,35150,208050
new hampshire,01/25/2021,8800,8800,17600,134000,8775,8775,17550,109200,17575,17575,35150,243200
new hampshire,02/01/2021,11600,11600,23200,157200,8775,8775,17550,126750,20375,20375,40750,283950
new hampshire,02/08/2021,12700,12700,25400,182600,8775,8775,17550,144300,21475,21475,42950,326900
new hampshire,02/15/2021,13700,13700,27400,210000,8775,8775,17550,161850,22475,22475,44950,371850
new hampshire,02/22/2021,13700,13700,27400,237400,14040,14040,28080,189930,27740,27740,55480,427330
new hampshire,03/01/2021,13700,13700,27400,264800,16380,16380,32760,222690,30080,30080,60160,487490
new hampshire,03/08/2021,13700,13700,27400,292200,17550,17550,35100,257790,31250,31250,62500,549990
new hampshire,03/15/2021,13700,13700,27400,319600,18720,18720,37440,295230,32420,32420,64840,614830
new hampshire,03/22/2021,13700,13700,27400,347000,19890,19890,39780,335010,33590,33590,67180,682010
new hampshire,03/29/2021,13700,13700,27400,374400,23400,23400,46800,381810,37100,37100,74200,756210
new hampshire,12/21/2020,24200,24200,48400,48400,8775,8775,17550,17550,32975,32975,65950,65950
new hampshire,12/28/2020,8400,8400,16800,65200,10725,10725,21450,39000,19125,19125,38250,104200
new jersey,01/04/2021,53200,53200,106400,522200,53625,53625,107250,351000,106825,106825,213650,873200
new jersey,01/11/2021,53400,53400,106800,629000,53625,53625,107250,458250,107025,107025,214050,1087250
new jersey,01/18/2021,56100,56100,112200,741200,55575,55575,111150,569400,111675,111675,223350,1310600
new jersey,01/25/2021,56100,56100,112200,853400,55575,55575,111150,680550,111675,111675,223350,1533950
new jersey,02/01/2021,74000,74000,148000,1001400,55575,55575,111150,791700,129575,129575,259150,1793100
new jersey,02/08/2021,80900,80900,161800,1163200,55575,55575,111150,902850,136475,136475,272950,2066050
new jersey,02/15/2021,87400,87400,174800,1338000,55575,55575,111150,1014000,142975,142975,285950,2352000
new jersey,02/22/2021,87400,87400,174800,1512800,88920,88920,177840,1191840,176320,176320,352640,2704640
new jersey,03/01/2021,87400,87400,174800,1687600,101790,101790,203580,1395420,189190,189190,378380,3083020
new jersey,03/08/2021,87400,87400,174800,1862400,111150,111150,222300,1617720,198550,198550,397100,3480120
new jersey,03/15/2021,87400,87400,174800,2037200,119340,119340,238680,1856400,206740,206740,413480,3893600
new jersey,03/22/2021,87400,87400,174800,2212000,120510,120510,241020,2097420,207910,207910,415820,4309420
new jersey,03/29/2021,87400,87400,174800,2386800,148590,148590,297180,2394600,235990,235990,471980,4781400
new jersey,12/21/2020,154500,154500,309000,309000,53625,53625,107250,107250,208125,208125,416250,416250
new jersey,12/28/2020,53400,53400,106800,415800,68250,68250,136500,243750,121650,121650,243300,659550
new mexico,01/04/2021,12500,12500,25000,122200,12675,12675,25350,83850,25175,25175,50350,206050
new mexico,01/11/2021,12500,12500,25000,147200,12675,12675,25350,109200,25175,25175,50350,256400
new mexico,01/18/2021,13200,13200,26400,173600,13650,13650,27300,136500,26850,26850,53700,310100
new mexico,01/25/2021,13200,13200,26400,200000,13650,13650,27300,163800,26850,26850,53700,363800
new mexico,02/01/2021,17300,17300,34600,234600,13650,13650,27300,191100,30950,30950,61900,425700
new mexico,02/08/2021,19000,19000,38000,272600,13650,13650,27300,218400,32650,32650,65300,491000
new mexico,02/15/2021,20500,20500,41000,313600,13650,13650,27300,245700,34150,34150,68300,559300
new mexico,02/22/2021,20500,20500,41000,354600,21060,21060,42120,287820,41560,41560,83120,642420
new mexico,03/01/2021,20500,20500,41000,395600,24570,24570,49140,336960,45070,45070,90140,732560
new mexico,03/08/2021,20500,20500,41000,436600,25740,25740,51480,388440,46240,46240,92480,825040
new mexico,03/15/2021,20500,20500,41000,477600,28080,28080,56160,444600,48580,48580,97160,922200
new mexico,03/22/2021,20500,20500,41000,518600,29250,29250,58500,503100,49750,49750,99500,1021700
new mexico,03/29/2021,20500,20500,41000,559600,35100,35100,70200,573300,55600,55600,111200,1132900
new mexico,12/21/2020,36100,36100,72200,72200,12675,12675,25350,25350,48775,48775,97550,97550
new mexico,12/28/2020,12500,12500,25000,97200,16575,16575,33150,58500,29075,29075,58150,155700
new york,01/04/2021,119100,119100,238200,1169800,119925,119925,239850,787800,239025,239025,478050,1957600
new york,01/11/2021,119600,119600,239200,1409000,119925,119925,239850,1027650,239525,239525,479050,2436650
new york,01/18/2021,125600,125600,251200,1660200,124800,124800,249600,1277250,250400,250400,500800,2937450
new york,01/25/2021,125600,125600,251200,1911400,124800,124800,249600,1526850,250400,250400,500800,3438250
new york,02/01/2021,165700,165700,331400,2242800,123825,123825,247650,1774500,289525,289525,579050,4017300
new york,02/08/2021,181200,181200,362400,2605200,124800,124800,249600,2024100,306000,306000,612000,4629300
new york,02/15/2021,195800,195800,391600,2996800,124800,124800,249600,2273700,320600,320600,641200,5270500
new york,02/22/2021,195800,195800,391600,3388400,197730,197730,395460,2669160,393530,393530,787060,6057560
new york,03/01/2021,195800,195800,391600,3780000,226980,226980,453960,3123120,422780,422780,845560,6903120
new york,03/08/2021,195800,195800,391600,4171600,246870,246870,493740,3616860,442670,442670,885340,7788460
new york,03/15/2021,195800,195800,391600,4563200,265590,265590,531180,4148040,461390,461390,922780,8711240
new york,03/22/2021,195800,195800,391600,4954800,270270,270270,540540,4688580,466070,466070,932140,9643380
new york,03/29/2021,195800,195800,391600,5346400,332280,332280,664560,5353140,528080,528080,1056160,10699540
new york,12/21/2020,346200,346200,692400,692400,119925,119925,239850,239850,466125,466125,932250,932250
new york,12/28/2020,119600,119600,239200,931600,154050,154050,308100,547950,273650,273650,547300,1479550
north carolina,01/04/2021,60500,60500,121000,594400,61425,61425,122850,401700,121925,121925,243850,996100
north carolina,01/11/2021,60800,60800,121600,716000,61425,61425,122850,524550,122225,122225,244450,1240550
north carolina,01/18/2021,63800,63800,127600,843600,63375,63375,126750,651300,127175,127175,254350,1494900
north carolina,01/25/2021,63800,63800,127600,971200,63375,63375,126750,778050,127175,127175,254350,1749250
north carolina,02/01/2021,84200,84200,168400,1139600,63375,63375,126750,904800,147575,147575,295150,2044400
north carolina,02/08/2021,92000,92000,184000,1323600,63375,63375,126750,1031550,155375,155375,310750,2355150
north carolina,02/15/2021,99500,99500,199000,1522600,63375,63375,126750,1158300,162875,162875,325750,2680900
north carolina,02/22/2021,99500,99500,199000,1721600,100620,100620,201240,1359540,200120,200120,400240,3081140
north carolina,03/01/2021,99500,99500,199000,1920600,115830,115830,231660,1591200,215330,215330,430660,3511800
north carolina,03/08/2021,99500,99500,199000,2119600,126360,126360,252720,1843920,225860,225860,451720,3963520
north carolina,03/15/2021,99500,99500,199000,2318600,135720,135720,271440,2115360,235220,235220,470440,4433960
north carolina,03/22/2021,99500,99500,199000,2517600,138060,138060,276120,2391480,237560,237560,475120,4909080
north carolina,03/29/2021,99500,99500,199000,2716600,168480,168480,336960,2728440,267980,267980,535960,5445040
north carolina,12/21/2020,175900,175900,351800,351800,61425,61425,122850,122850,237325,237325,474650,474650
north carolina,12/28/2020,60800,60800,121600,473400,78000,78000,156000,278850,138800,138800,277600,752250
north dakota,01/04/2021,4600,4600,9200,44800,4875,4875,9750,31200,9475,9475,18950,76000
north dakota,01/11/2021,4600,4600,9200,54000,4875,4875,9750,40950,9475,9475,18950,94950
north dakota,01/18/2021,4800,4800,9600,63600,4875,4875,9750,50700,9675,9675,19350,114300
north dakota,01/25/2021,4800,4800,9600,73200,4875,4875,9750,60450,9675,9675,19350,133650
north dakota,02/01/2021,6400,6400,12800,86000,4875,4875,9750,70200,11275,11275,22550,156200
north dakota,02/08/2021,6900,6900,13800,99800,4875,4875,9750,79950,11775,11775,23550,179750
north dakota,02/15/2021,7500,7500,15000,114800,4875,4875,9750,89700,12375,12375,24750,204500
north dakota,02/22/2021,7500,7500,15000,129800,8190,8190,16380,106080,15690,15690,31380,235880
north dakota,03/01/2021,7500,7500,15000,144800,9360,9360,18720,124800,16860,16860,33720,269600
north dakota,03/08/2021,7500,7500,15000,159800,10530,10530,21060,145860,18030,18030,36060,305660
north dakota,03/15/2021,7500,7500,15000,174800,10530,10530,21060,166920,18030,18030,36060,341720
north dakota,03/22/2021,7500,7500,15000,189800,10530,10530,21060,187980,18030,18030,36060,377780
north dakota,03/29/2021,7500,7500,15000,204800,12870,12870,25740,213720,20370,20370,40740,418520
north dakota,12/21/2020,13200,13200,26400,26400,4875,4875,9750,9750,18075,18075,36150,36150
north dakota,12/28/2020,4600,4600,9200,35600,5850,5850,11700,21450,10450,10450,20900,57050
ohio,01/04/2021,69500,69500,139000,682200,70200,70200,140400,460200,139700,139700,279400,1142400
ohio,01/11/2021,69700,69700,139400,821600,70200,70200,140400,600600,139900,139900,279800,1422200
ohio,01/18/2021,73200,73200,146400,968000,73125,73125,146250,746850,146325,146325,292650,1714850
ohio,01/25/2021,73200,73200,146400,1114400,73125,73125,146250,893100,146325,146325,292650,2007500
ohio,02/01/2021,96600,96600,193200,1307600,72150,72150,144300,1037400,168750,168750,337500,2345000
ohio,02/08/2021,105600,105600,211200,1518800,73125,73125,146250,1183650,178725,178725,357450,2702450
ohio,02/15/2021,114100,114100,228200,1747000,73125,73125,146250,1329900,187225,187225,374450,3076900
ohio,02/22/2021,114100,114100,228200,1975200,115830,115830,231660,1561560,229930,229930,459860,3536760
ohio,03/01/2021,114100,114100,228200,2203400,132210,132210,264420,1825980,246310,246310,492620,4029380
ohio,03/08/2021,114100,114100,228200,2431600,143910,143910,287820,2113800,258010,258010,516020,4545400
ohio,03/15/2021,114100,114100,228200,2659800,155610,155610,311220,2425020,269710,269710,539420,5084820
ohio,03/22/2021,114100,114100,228200,2888000,157950,157950,315900,2740920,272050,272050,544100,5628920
ohio,03/29/2021,114100,114100,228200,3116200,194220,194220,388440,3129360,308320,308320,616640,6245560
ohio,12/21/2020,201900,201900,403800,403800,70200,70200,140400,140400,272100,272100,544200,544200
ohio,12/28/2020,69700,69700,139400,543200,89700,89700,179400,319800,159400,159400,318800,863000
oklahoma,01/04/2021,22800,22800,45600,223800,23400,23400,46800,152100,46200,46200,92400,375900
oklahoma,01/11/2021,22900,22900,45800,269600,23400,23400,46800,198900,46300,46300,92600,468500
oklahoma,01/18/2021,24100,24100,48200,317800,24375,24375,48750,247650,48475,48475,96950,565450
oklahoma,01/25/2021,24100,24100,48200,366000,24375,24375,48750,296400,48475,48475,96950,662400
oklahoma,02/01/2021,31700,31700,63400,429400,24375,24375,48750,345150,56075,56075,112150,774550
oklahoma,02/08/2021,34700,34700,69400,498800,24375,24375,48750,393900,59075,59075,118150,892700
oklahoma,02/15/2021,37500,37500,75000,573800,24375,24375,48750,442650,61875,61875,123750,1016450
oklahoma,02/22/2021,37500,37500,75000,648800,38610,38610,77220,519870,76110,76110,152220,1168670
oklahoma,03/01/2021,37500,37500,75000,723800,43290,43290,86580,606450,80790,80790,161580,1330250
oklahoma,03/08/2021,37500,37500,75000,798800,47970,47970,95940,702390,85470,85470,170940,1501190
oklahoma,03/15/2021,37500,37500,75000,873800,51480,51480,102960,805350,88980,88980,177960,1679150
oklahoma,03/22/2021,37500,37500,75000,948800,52650,52650,105300,910650,90150,90150,180300,1859450
oklahoma,03/29/2021,37500,37500,75000,1023800,64350,64350,128700,1039350,101850,101850,203700,2063150
oklahoma,12/21/2020,66200,66200,132400,132400,23400,23400,46800,46800,89600,89600,179200,179200
oklahoma,12/28/2020,22900,22900,45800,178200,29250,29250,58500,105300,52150,52150,104300,283500
oregon,01/04/2021,24800,24800,49600,243800,25350,25350,50700,165750,50150,50150,100300,409550
oregon,01/11/2021,25000,25000,50000,293800,25350,25350,50700,216450,50350,50350,100700,510250
oregon,01/18/2021,26200,26200,52400,346200,26325,26325,52650,269100,52525,52525,105050,615300
oregon,01/25/2021,26200,26200,52400,398600,26325,26325,52650,321750,52525,52525,105050,720350
oregon,02/01/2021,34600,34600,69200,467800,26325,26325,52650,374400,60925,60925,121850,842200
oregon,02/08/2021,37800,37800,75600,543400,26325,26325,52650,427050,64125,64125,128250,970450
oregon,02/15/2021,40800,40800,81600,625000,26325,26325,52650,479700,67125,67125,134250,1104700
oregon,02/22/2021,40800,40800,81600,706600,42120,42120,84240,563940,82920,82920,165840,1270540
oregon,03/01/2021,40800,40800,81600,788200,47970,47970,95940,659880,88770,88770,177540,1448080
oregon,03/08/2021,40800,40800,81600,869800,51480,51480,102960,762840,92280,92280,184560,1632640
oregon,03/15/2021,40800,40800,81600,951400,56160,56160,112320,875160,96960,96960,193920,1826560
oregon,03/22/2021,40800,40800,81600,1033000,57330,57330,114660,989820,98130,98130,196260,2022820
oregon,03/29/2021,40800,40800,81600,1114600,70200,70200,140400,1130220,111000,111000,222000,2244820
oregon,12/21/2020,72100,72100,144200,144200,25350,25350,50700,50700,97450,97450,194900,194900
oregon,12/28/2020,25000,25000,50000,194200,32175,32175,64350,115050,57175,57175,114350,309250
pennsylvania,01/04/2021,68400,68400,136800,671800,69225,69225,138450,454350,137625,137625,275250,1126150
pennsylvania,01/11/2021,68700,68700,137400,809200,69225,69225,138450,592800,137925,137925,275850,1402000
pennsylvania,01/18/2021,72100,72100,144200,953400,71175,71175,142350,735150,143275,143275,286550,1688550
pennsylvania,01/25/2021,72100,72100,144200,1097600,71175,71175,142350,877500,143275,143275,286550,1975100
pennsylvania,02/01/2021,95200,95200,190400,1288000,71175,71175,142350,1019850,166375,166375,332750,2307850
pennsylvania,02/08/2021,104000,104000,208000,1496000,71175,71175,142350,1162200,175175,175175,350350,2658200
pennsylvania,02/15/2021,112400,112400,224800,1720800,71175,71175,142350,1304550,183575,183575,367150,3025350
pennsylvania,02/22/2021,112400,112400,224800,1945600,113490,113490,226980,1531530,225890,225890,451780,3477130
pennsylvania,03/01/2021,112400,112400,224800,2170400,129870,129870,259740,1791270,242270,242270,484540,3961670
pennsylvania,03/08/2021,112400,112400,224800,2395200,141570,141570,283140,2074410,253970,253970,507940,4469610
pennsylvania,03/15/2021,112400,112400,224800,2620000,153270,153270,306540,2380950,265670,265670,531340,5000950
pennsylvania,03/22/2021,112400,112400,224800,2844800,155610,155610,311220,2692170,268010,268010,536020,5536970
pennsylvania,03/29/2021,112400,112400,224800,3069600,190710,190710,381420,3073590,303110,303110,606220,6143190
pennsylvania,12/21/2020,198800,198800,397600,397600,69225,69225,138450,138450,268025,268025,536050,536050
pennsylvania,12/28/2020,68700,68700,137400,535000,88725,88725,177450,315900,157425,157425,314850,850900
rhode island,01/04/2021,6600,6600,13200,64400,6825,6825,13650,44850,13425,13425,26850,109250
rhode island,01/11/2021,6600,6600,13200,77600,6825,6825,13650,58500,13425,13425,26850,136100
rhode island,01/18/2021,6900,6900,13800,91400,6825,6825,13650,72150,13725,13725,27450,163550
rhode island,01/25/2021,6900,6900,13800,105200,6825,6825,13650,85800,13725,13725,27450,191000
rhode island,02/01/2021,9100,9100,18200,123400,6825,6825,13650,99450,15925,15925,31850,222850
rhode island,02/08/2021,10000,10000,20000,143400,6825,6825,13650,113100,16825,16825,33650,256500
rhode island,02/15/2021,10800,10800,21600,165000,6825,6825,13650,126750,17625,17625,35250,291750
rhode island,02/22/2021,10800,10800,21600,186600,11700,11700,23400,150150,22500,22500,45000,336750
rhode island,03/01/2021,10800,10800,21600,208200,12870,12870,25740,175890,23670,23670,47340,384090
rhode island,03/08/2021,10800,10800,21600,229800,14040,14040,28080,203970,24840,24840,49680,433770
rhode island,03/15/2021,10800,10800,21600,251400,15210,15210,30420,234390,26010,26010,52020,485790
rhode island,03/22/2021,10800,10800,21600,273000,15210,15210,30420,264810,26010,26010,52020,537810
rhode island,03/29/2021,10800,10800,21600,294600,18720,18720,37440,302250,29520,29520,59040,596850
rhode island,12/21/2020,19000,19000,38000,38000,6825,6825,13650,13650,25825,25825,51650,51650
rhode island,12/28/2020,6600,6600,13200,51200,8775,8775,17550,31200,15375,15375,30750,82400
south carolina,01/04/2021,29700,29700,59400,292000,30225,30225,60450,198900,59925,59925,119850,490900
south carolina,01/11/2021,29900,29900,59800,351800,30225,30225,60450,259350,60125,60125,120250,611150
south carolina,01/18/2021,31400,31400,62800,414600,31200,31200,62400,321750,62600,62600,125200,736350
south carolina,01/25/2021,31400,31400,62800,477400,31200,31200,62400,384150,62600,62600,125200,861550
south carolina,02/01/2021,41400,41400,82800,560200,31200,31200,62400,446550,72600,72600,145200,1006750
south carolina,02/08/2021,45200,45200,90400,650600,31200,31200,62400,508950,76400,76400,152800,1159550
south carolina,02/15/2021,48800,48800,97600,748200,31200,31200,62400,571350,80000,80000,160000,1319550
south carolina,02/22/2021,48800,48800,97600,845800,49140,49140,98280,669630,97940,97940,195880,1515430
south carolina,03/01/2021,48800,48800,97600,943400,57330,57330,114660,784290,106130,106130,212260,1727690
south carolina,03/08/2021,48800,48800,97600,1041000,62010,62010,124020,908310,110810,110810,221620,1949310
south carolina,03/15/2021,48800,48800,97600,1138600,66690,66690,133380,1041690,115490,115490,230980,2180290
south carolina,03/22/2021,48800,48800,97600,1236200,67860,67860,135720,1177410,116660,116660,233320,2413610
south carolina,03/29/2021,48800,48800,97600,1333800,83070,83070,166140,1343550,131870,131870,263740,2677350
south carolina,12/21/2020,86400,86400,172800,172800,30225,30225,60450,60450,116625,116625,233250,233250
south carolina,12/28/2020,29900,29900,59800,232600,39000,39000,78000,138450,68900,68900,137800,371050
south dakota,01/04/2021,5100,5100,10200,49600,5850,5850,11700,37050,10950,10950,21900,86650
south dakota,01/11/2021,5100,5100,10200,59800,5850,5850,11700,48750,10950,10950,21900,108550
south dakota,01/18/2021,5300,5300,10600,70400,5850,5850,11700,60450,11150,11150,22300,130850
south dakota,01/25/2021,5300,5300,10600,81000,5850,5850,11700,72150,11150,11150,22300,153150
south dakota,02/01/2021,7000,7000,14000,95000,5850,5850,11700,83850,12850,12850,25700,178850
south dakota,02/08/2021,7700,7700,15400,110400,5850,5850,11700,95550,13550,13550,27100,205950
south dakota,02/15/2021,8300,8300,16600,127000,5850,5850,11700,107250,14150,14150,28300,234250
south dakota,02/22/2021,8300,8300,16600,143600,9360,9360,18720,125970,17660,17660,35320,269570
south dakota,03/01/2021,8300,8300,16600,160200,10530,10530,21060,147030,18830,18830,37660,307230
south dakota,03/08/2021,8300,8300,16600,176800,10530,10530,21060,168090,18830,18830,37660,344890
south dakota,03/15/2021,8300,8300,16600,193400,11700,11700,23400,191490,20000,20000,40000,384890
south dakota,03/22/2021,8300,8300,16600,210000,11700,11700,23400,214890,20000,20000,40000,424890
south dakota,03/29/2021,8300,8300,16600,226600,14040,14040,28080,242970,22340,22340,44680,469570
south dakota,12/21/2020,14600,14600,29200,29200,5850,5850,11700,11700,20450,20450,40900,40900
south dakota,12/28/2020,5100,5100,10200,39400,6825,6825,13650,25350,11925,11925,23850,64750
tennessee,01/04/2021,39700,39700,79400,389400,39975,39975,79950,263250,79675,79675,159350,652650
tennessee,01/11/2021,39800,39800,79600,469000,39975,39975,79950,343200,79775,79775,159550,812200
tennessee,01/18/2021,41800,41800,83600,552600,41925,41925,83850,427050,83725,83725,167450,979650
tennessee,01/25/2021,41800,41800,83600,636200,41925,41925,83850,510900,83725,83725,167450,1147100
tennessee,02/01/2021,55200,55200,110400,746600,41925,41925,83850,594750,97125,97125,194250,1341350
tennessee,02/08/2021,60300,60300,120600,867200,41925,41925,83850,678600,102225,102225,204450,1545800
tennessee,02/15/2021,65200,65200,130400,997600,41925,41925,83850,762450,107125,107125,214250,1760050
tennessee,02/22/2021,65200,65200,130400,1128000,65520,65520,131040,893490,130720,130720,261440,2021490
tennessee,03/01/2021,65200,65200,130400,1258400,76050,76050,152100,1045590,141250,141250,282500,2303990
tennessee,03/08/2021,65200,65200,130400,1388800,83070,83070,166140,1211730,148270,148270,296540,2600530
tennessee,03/15/2021,65200,65200,130400,1519200,88920,88920,177840,1389570,154120,154120,308240,2908770
tennessee,03/22/2021,65200,65200,130400,1649600,90090,90090,180180,1569750,155290,155290,310580,3219350
tennessee,03/29/2021,65200,65200,130400,1780000,111150,111150,222300,1792050,176350,176350,352700,3572050
tennessee,12/21/2020,115200,115200,230400,230400,39975,39975,79950,79950,155175,155175,310350,310350
tennessee,12/28/2020,39800,39800,79600,310000,51675,51675,103350,183300,91475,91475,182950,493300
texas,01/04/2021,158500,158500,317000,1556200,158925,158925,317850,1045200,317425,317425,634850,2601400
texas,01/11/2021,159100,159100,318200,1874400,159900,159900,319800,1365000,319000,319000,638000,3239400
texas,01/18/2021,167100,167100,334200,2208600,165750,165750,331500,1696500,332850,332850,665700,3905100
texas,01/25/2021,167100,167100,334200,2542800,165750,165750,331500,2028000,332850,332850,665700,4570800
texas,02/01/2021,220500,220500,441000,2983800,164775,164775,329550,2357550,385275,385275,770550,5341350
texas,02/08/2021,241000,241000,482000,3465800,165750,165750,331500,2689050,406750,406750,813500,6154850
texas,02/15/2021,260400,260400,520800,3986600,165750,165750,331500,3020550,426150,426150,852300,7007150
texas,02/22/2021,260400,260400,520800,4507400,262080,262080,524160,3544710,522480,522480,1044960,8052110
texas,03/01/2021,260400,260400,520800,5028200,300690,300690,601380,4146090,561090,561090,1122180,9174290
texas,03/08/2021,260400,260400,520800,5549000,328770,328770,657540,4803630,589170,589170,1178340,10352630
texas,03/15/2021,260400,260400,520800,6069800,353340,353340,706680,5510310,613740,613740,1227480,11580110
texas,03/22/2021,260400,260400,520800,6590600,359190,359190,718380,6228690,619590,619590,1239180,12819290
texas,03/29/2021,260400,260400,520800,7111400,441090,441090,882180,7110870,701490,701490,1402980,14222270
texas,12/21/2020,460500,460500,921000,921000,159900,159900,319800,319800,620400,620400,1240800,1240800
texas,12/28/2020,159100,159100,318200,1239200,203775,203775,407550,727350,362875,362875,725750,1966550
utah,01/04/2021,16500,16500,33000,161800,16575,16575,33150,109200,33075,33075,66150,271000
utah,01/11/2021,16600,16600,33200,195000,16575,16575,33150,142350,33175,33175,66350,337350
utah,01/18/2021,17400,17400,34800,229800,17550,17550,35100,177450,34950,34950,69900,407250
utah,01/25/2021,17400,17400,34800,264600,17550,17550,35100,212550,34950,34950,69900,477150
utah,02/01/2021,22900,22900,45800,310400,17550,17550,35100,247650,40450,40450,80900,558050
utah,02/08/2021,25100,25100,50200,360600,17550,17550,35100,282750,42650,42650,85300,643350
utah,02/15/2021,27100,27100,54200,414800,17550,17550,35100,317850,44650,44650,89300,732650
utah,02/22/2021,27100,27100,54200,469000,28080,28080,56160,374010,55180,55180,110360,843010
utah,03/01/2021,27100,27100,54200,523200,31590,31590,63180,437190,58690,58690,117380,960390
utah,03/08/2021,27100,27100,54200,577400,35100,35100,70200,507390,62200,62200,124400,1084790
utah,03/15/2021,27100,27100,54200,631600,37440,37440,74880,582270,64540,64540,129080,1213870
utah,03/22/2021,27100,27100,54200,685800,37440,37440,74880,657150,64540,64540,129080,1342950
utah,03/29/2021,27100,27100,54200,740000,46800,46800,93600,750750,73900,73900,147800,1490750
utah,12/21/2020,47800,47800,95600,95600,16575,16575,33150,33150,64375,64375,128750,128750
utah,12/28/2020,16600,16600,33200,128800,21450,21450,42900,76050,38050,38050,76100,204850
vermont,01/04/2021,3900,3900,7800,38600,3900,3900,7800,29250,7800,7800,15600,67850
vermont,01/11/2021,4000,4000,8000,46600,4875,4875,9750,39000,8875,8875,17750,85600
vermont,01/18/2021,4200,4200,8400,55000,4875,4875,9750,48750,9075,9075,18150,103750
vermont,01/25/2021,4200,4200,8400,63400,4875,4875,9750,58500,9075,9075,18150,121900
vermont,02/01/2021,5500,5500,11000,74400,4875,4875,9750,68250,10375,10375,20750,142650
vermont,02/08/2021,6000,6000,12000,86400,4875,4875,9750,78000,10875,10875,21750,164400
vermont,02/15/2021,6500,6500,13000,99400,4875,4875,9750,87750,11375,11375,22750,187150
vermont,02/22/2021,6500,6500,13000,112400,7020,7020,14040,101790,13520,13520,27040,214190
vermont,03/01/2021,6500,6500,13000,125400,8190,8190,16380,118170,14690,14690,29380,243570
vermont,03/08/2021,6500,6500,13000,138400,8190,8190,16380,134550,14690,14690,29380,272950
vermont,03/15/2021,6500,6500,13000,151400,9360,9360,18720,153270,15860,15860,31720,304670
vermont,03/22/2021,6500,6500,13000,164400,9360,9360,18720,171990,15860,15860,31720,336390
vermont,03/29/2021,6500,6500,13000,177400,11700,11700,23400,195390,18200,18200,36400,372790
vermont,12/21/2020,11400,11400,22800,22800,4875,4875,9750,9750,16275,16275,32550,32550
vermont,12/28/2020,4000,4000,8000,30800,5850,5850,11700,21450,9850,9850,19700,52250
virginia,01/04/2021,50400,50400,100800,494800,50700,50700,101400,333450,101100,101100,202200,828250
virginia,01/11/2021,50600,50600,101200,596000,50700,50700,101400,434850,101300,101300,202600,1030850
virginia,01/18/2021,53100,53100,106200,702200,52650,52650,105300,540150,105750,105750,211500,1242350
virginia,01/25/2021,53100,53100,106200,808400,52650,52650,105300,645450,105750,105750,211500,1453850
virginia,02/01/2021,70100,70100,140200,948600,52650,52650,105300,750750,122750,122750,245500,1699350
virginia,02/08/2021,76600,76600,153200,1101800,52650,52650,105300,856050,129250,129250,258500,1957850
virginia,02/15/2021,82800,82800,165600,1267400,52650,52650,105300,961350,135450,135450,270900,2228750
virginia,02/22/2021,82800,82800,165600,1433000,84240,84240,168480,1129830,167040,167040,334080,2562830
virginia,03/01/2021,82800,82800,165600,1598600,95940,95940,191880,1321710,178740,178740,357480,2920310
virginia,03/08/2021,82800,82800,165600,1764200,105300,105300,210600,1532310,188100,188100,376200,3296510
virginia,03/15/2021,82800,82800,165600,1929800,112320,112320,224640,1756950,195120,195120,390240,3686750
virginia,03/22/2021,82800,82800,165600,2095400,114660,114660,229320,1986270,197460,197460,394920,4081670
virginia,03/29/2021,82800,82800,165600,2261000,140400,140400,280800,2267070,223200,223200,446400,4528070
virginia,12/21/2020,146400,146400,292800,292800,50700,50700,101400,101400,197100,197100,394200,394200
virginia,12/28/2020,50600,50600,101200,394000,65325,65325,130650,232050,115925,115925,231850,626050
washington,01/04/2021,44100,44100,88200,432800,44850,44850,89700,294450,88950,88950,177900,727250
washington,01/11/2021,44300,44300,88600,521400,57525,57525,115050,409500,101825,101825,203650,930900
washington,01/18/2021,46500,46500,93000,614400,46800,46800,93600,503100,93300,93300,186600,1117500
washington,01/25/2021,46500,46500,93000,707400,46800,46800,93600,596700,93300,93300,186600,1304100
washington,02/01/2021,61300,61300,122600,830000,45825,45825,91650,688350,107125,107125,214250,1518350
washington,02/08/2021,67000,67000,134000,964000,46800,46800,93600,781950,113800,113800,227600,1745950
washington,02/15/2021,72400,72400,144800,1108800,46800,46800,93600,875550,119200,119200,238400,1984350
washington,02/22/2021,72400,72400,144800,1253600,73710,73710,147420,1022970,146110,146110,292220,2276570
washington,03/01/2021,72400,72400,144800,1398400,84240,84240,168480,1191450,156640,156640,313280,2589850
washington,03/08/2021,72400,72400,144800,1543200,91260,91260,182520,1373970,163660,163660,327320,2917170
washington,03/15/2021,72400,72400,144800,1688000,98280,98280,196560,1570530,170680,170680,341360,3258530
washington,03/22/2021,72400,72400,144800,1832800,100620,100620,201240,1771770,173020,173020,346040,3604570
washington,03/29/2021,72400,72400,144800,1977600,122850,122850,245700,2017470,195250,195250,390500,3995070
washington,12/21/2020,128000,128000,256000,256000,44850,44850,89700,89700,172850,172850,345700,345700
washington,12/28/2020,44300,44300,88600,344600,57525,57525,115050,204750,101825,101825,203650,549350
west virginia,01/04/2021,11200,11200,22400,110200,11700,11700,23400,76050,22900,22900,45800,186250
west virginia,01/11/2021,11300,11300,22600,132800,11700,11700,23400,99450,23000,23000,46000,232250
west virginia,01/18/2021,11900,11900,23800,156600,11700,11700,23400,122850,23600,23600,47200,279450
west virginia,01/25/2021,11900,11900,23800,180400,11700,11700,23400,146250,23600,23600,47200,326650
west virginia,02/01/2021,15600,15600,31200,211600,11700,11700,23400,169650,27300,27300,54600,381250
west virginia,02/08/2021,17100,17100,34200,245800,11700,11700,23400,193050,28800,28800,57600,438850
west virginia,02/15/2021,18500,18500,37000,282800,11700,11700,23400,216450,30200,30200,60400,499250
west virginia,02/22/2021,18500,18500,37000,319800,18720,18720,37440,253890,37220,37220,74440,573690
west virginia,03/01/2021,18500,18500,37000,356800,22230,22230,44460,298350,40730,40730,81460,655150
west virginia,03/08/2021,18500,18500,37000,393800,23400,23400,46800,345150,41900,41900,83800,738950
west virginia,03/15/2021,18500,18500,37000,430800,25740,25740,51480,396630,44240,44240,88480,827430
west virginia,03/22/2021,18500,18500,37000,467800,25740,25740,51480,448110,44240,44240,88480,915910
west virginia,03/29/2021,18500,18500,37000,504800,31590,31590,63180,511290,50090,50090,100180,1016090
west virginia,12/21/2020,32600,32600,65200,65200,11700,11700,23400,23400,44300,44300,88600,88600
west virginia,12/28/2020,11300,11300,22600,87800,14625,14625,29250,52650,25925,25925,51850,140450
wisconsin,01/04/2021,34700,34700,69400,341200,35100,35100,70200,230100,69800,69800,139600,571300
wisconsin,01/11/2021,34900,34900,69800,411000,35100,35100,70200,300300,70000,70000,140000,711300
wisconsin,01/18/2021,36700,36700,73400,484400,37050,37050,74100,374400,73750,73750,147500,858800
wisconsin,01/25/2021,36700,36700,73400,557800,37050,37050,74100,448500,73750,73750,147500,1006300
wisconsin,02/01/2021,48300,48300,96600,654400,36075,36075,72150,520650,84375,84375,168750,1175050
wisconsin,02/08/2021,52900,52900,105800,760200,37050,37050,74100,594750,89950,89950,179900,1354950
wisconsin,02/15/2021,57100,57100,114200,874400,37050,37050,74100,668850,94150,94150,188300,1543250
wisconsin,02/22/2021,57100,57100,114200,988600,58500,58500,117000,785850,115600,115600,231200,1774450
wisconsin,03/01/2021,57100,57100,114200,1102800,66690,66690,133380,919230,123790,123790,247580,2022030
wisconsin,03/08/2021,57100,57100,114200,1217000,72540,72540,145080,1064310,129640,129640,259280,2281310
wisconsin,03/15/2021,57100,57100,114200,1331200,78390,78390,156780,1221090,135490,135490,270980,2552290
wisconsin,03/22/2021,57100,57100,114200,1445400,79560,79560,159120,1380210,136660,136660,273320,2825610
wisconsin,03/29/2021,57100,57100,114200,1559600,97110,97110,194220,1574430,154210,154210,308420,3134030
wisconsin,12/21/2020,101000,101000,202000,202000,35100,35100,70200,70200,136100,136100,272200,272200
wisconsin,12/28/2020,34900,34900,69800,271800,44850,44850,89700,159900,79750,79750,159500,431700
wyoming,01/04/2021,3500,3500,7000,34000,3900,3900,7800,25350,7400,7400,14800,59350
wyoming,01/11/2021,3500,3500,7000,41000,3900,3900,7800,33150,7400,7400,14800,74150
wyoming,01/18/2021,3700,3700,7400,48400,3900,3900,7800,40950,7600,7600,15200,89350
wyoming,01/25/2021,3700,3700,7400,55800,3900,3900,7800,48750,7600,7600,15200,104550
wyoming,02/01/2021,4800,4800,9600,65400,3900,3900,7800,56550,8700,8700,17400,121950
wyoming,02/08/2021,5300,5300,10600,76000,3900,3900,7800,64350,9200,9200,18400,140350
wyoming,02/15/2021,5700,5700,11400,87400,3900,3900,7800,72150,9600,9600,19200,159550
wyoming,02/22/2021,5700,5700,11400,98800,5850,5850,11700,83850,11550,11550,23100,182650
wyoming,03/01/2021,5700,5700,11400,110200,7020,7020,14040,97890,12720,12720,25440,208090
wyoming,03/08/2021,5700,5700,11400,121600,8190,8190,16380,114270,13890,13890,27780,235870
wyoming,03/15/2021,5700,5700,11400,133000,8190,8190,16380,130650,13890,13890,27780,263650
wyoming,03/22/2021,5700,5700,11400,144400,8190,8190,16380,147030,13890,13890,27780,291430
wyoming,03/29/2021,5700,5700,11400,155800,10530,10530,21060,168090,16230,16230,32460,323890
wyoming,12/21/2020,10000,10000,20000,20000,3900,3900,7800,7800,13900,13900,27800,27800
wyoming,12/28/2020,3500,3500,7000,27000,4875,4875,9750,17550,8375,8375,16750,44550
